28.830
2.190
1.620
1.470
1.440
1.380
1.350
1.320
1.320
1.290
1.260
1.260
1.260
1.170
1.170
1.170
1.170
1.140
1.140
1.170
1.140
1.140
1.140
1.140
1.140
1.140
1.140
1.140
1.170
1.140
1.140
1.170
1.140
1.140
1.140
1.140
1.140
1.140
1.140
1.140
1.140
1.140
1.170
1.140
1.140
1.170
1.140
1.140
1.140
1.140
1.140
1.170
1.140
1.140
1.140
1.140
1.170
1.140
1.140
1.170
1.140
1.140
1.170
1.140
1.140
1.170
1.140
1.140
1.140
1.140
1.170
1.140
1.140
1.140
1.140
1.140
1.170
1.140
1.140
1.170
1.140
1.140
1.140
1.140
1.140
1.170
1.140
1.140
1.170
1.140
1.170
1.140
1.140
1.170
1.140
1.140
1.170
1.140
1.140
1.170
