0.400000	
13.000000	
25.400000	
39.700000	
53.000000	
66.200000	
79.600000	
96.100000	
107.700000	
116.500000	
134.000000	
137.400000	
149.900000	
176.500000	
177.900000	
204.300000	
209.000000	
236.700000	
247.600000	
242.600000	
250.800000	
257.600000	
269.100000	
318.600000	
278.600000	
327.500000	
321.800000	
323.000000	
374.800000	
389.700000	
423.800000	
379.900000	
451.100000	
388.200000	
394.100000	
394.100000	
524.600000	
422.600000	
460.600000	
441.600000	
449.000000	
519.400000	
474.900000	
498.200000	
524.300000	
500.500000	
525.400000	
523.700000	
595.400000	
546.600000	
559.600000	
607.100000	
583.200000	
755.900000	
607.500000	
665.100000	
797.200000	
824.200000	
689.700000	
817.300000	
664.800000	
710.200000	
734.500000	
751.000000	
813.200000	
0.300000	
7.300000	
13.700000	
20.500000	
26.700000	
33.400000	
39.600000	
46.000000	
59.700000	
74.900000	
89.700000	
102.200000	
115.300000	
140.800000	
148.700000	
154.800000	
162.800000	
192.500000	
194.100000	
201.700000	
209.200000	
226.600000	
234.900000	
253.600000	
264.100000	
269.400000	
285.100000	
344.100000	
313.200000	
312.400000	
323.200000	
395.200000	
408.600000	
366.300000	
406.200000	
429.000000	
392.600000	
415.400000	
419.100000	
472.700000	
520.300000	
432.300000	
565.500000	
448.800000	
507.500000	
623.900000	
509.200000	
617.300000	
502.000000	
622.300000	
555.100000	
561.200000	
690.200000	
728.600000	
603.200000	
721.100000	
630.000000	
599.600000	
612.300000	
615.500000	
645.400000	
804.200000	
646.300000	
822.400000	
744.500000	
0.300000	
6.400000	
12.400000	
20.800000	
26.800000	
37.500000	
50.100000	
61.800000	
72.500000	
83.400000	
95.900000	
107.000000	
121.700000	
137.000000	
149.100000	
168.900000	
188.000000	
180.700000	
194.400000	
209.000000	
246.400000	
246.400000	
254.300000	
240.700000	
296.300000	
288.000000	
279.700000	
299.600000	
317.100000	
333.900000	
374.200000	
362.100000	
413.500000	
409.200000	
373.400000	
445.400000	
397.000000	
410.200000	
428.200000	
416.700000	
479.900000	
550.800000	
445.500000	
469.600000	
592.900000	
575.000000	
529.900000	
598.100000	
578.800000	
538.800000	
532.200000	
633.200000	
546.600000	
558.000000	
567.600000	
571.200000	
578.500000	
605.900000	
670.500000	
613.900000	
642.700000	
647.100000	
741.900000	
759.200000	
900.400000	
0.400000	
6.300000	
12.700000	
28.600000	
43.900000	
54.800000	
66.600000	
78.600000	
89.100000	
101.500000	
106.900000	
124.600000	
136.600000	
148.100000	
151.300000	
180.000000	
175.600000	
182.100000	
197.400000	
208.800000	
214.400000	
217.800000	
236.600000	
244.600000	
257.500000	
261.900000	
277.700000	
293.600000	
299.800000	
314.300000	
373.500000	
388.600000	
347.300000	
419.100000	
482.000000	
527.300000	
612.700000	
878.900000	
926.800000	
929.000000	
876.500000	
964.300000	
1027.600000	
947.600000	
1066.600000	
927.300000	
969.100000	
1164.900000	
1143.400000	
1180.600000	
1200.100000	
1110.500000	
1089.600000	
1278.200000	
1243.400000	
1235.500000	
1302.300000	
1579.900000	
1416.700000	
1251.100000	
1341.600000	
1349.600000	
1329.000000	
1388.800000	
1481.500000	
0.600000	
6.700000	
15.000000	
22.400000	
33.200000	
43.400000	
60.400000	
75.400000	
92.400000	
105.000000	
117.100000	
126.500000	
143.400000	
158.800000	
170.800000	
173.600000	
176.200000	
195.100000	
225.300000	
209.100000	
232.000000	
254.900000	
244.000000	
296.300000	
270.800000	
277.600000	
297.400000	
302.000000	
322.900000	
346.400000	
339.000000	
389.700000	
399.100000	
454.100000	
491.700000	
528.800000	
574.700000	
854.100000	
680.600000	
719.200000	
785.900000	
812.600000	
1002.700000	
1221.100000	
1045.800000	
1084.000000	
1093.800000	
1271.100000	
1215.300000	
1371.500000	
1344.500000	
1430.100000	
1435.900000	
1241.200000	
1252.000000	
1700.200000	
1268.900000	
1345.300000	
1656.900000	
1663.000000	
1629.100000	
1661.700000	
1405.400000	
1481.300000	
1488.600000	
0.400000	
6.700000	
13.800000	
20.300000	
27.300000	
33.700000	
41.600000	
54.600000	
72.000000	
87.100000	
106.200000	
119.900000	
138.100000	
152.000000	
157.400000	
177.100000	
174.600000	
188.700000	
225.600000	
224.400000	
244.600000	
240.200000	
283.700000	
296.300000	
288.500000	
335.400000	
297.600000	
320.600000	
350.500000	
382.700000	
346.400000	
364.800000	
392.300000	
525.600000	
578.600000	
729.900000	
708.300000	
771.600000	
878.400000	
1040.200000	
1078.900000	
890.000000	
946.700000	
953.300000	
975.900000	
1378.600000	
1097.700000	
1344.400000	
1382.800000	
1180.000000	
1189.400000	
1298.300000	
1351.100000	
1219.800000	
1243.000000	
1499.900000	
1261.100000	
1302.700000	
1405.400000	
1418.300000	
1687.700000	
1636.700000	
1613.300000	
1657.000000	
1552.000000	
0.300000	
6.800000	
13.900000	
20.400000	
27.600000	
37.300000	
41.100000	
52.400000	
68.600000	
84.600000	
112.800000	
117.900000	
126.500000	
150.800000	
151.500000	
175.000000	
181.100000	
193.900000	
218.300000	
222.000000	
264.200000	
265.400000	
256.800000	
261.100000	
285.600000	
289.000000	
290.900000	
322.000000	
321.000000	
324.500000	
384.500000	
386.500000	
369.200000	
414.000000	
404.300000	
468.100000	
492.000000	
551.000000	
537.000000	
711.000000	
710.400000	
854.400000	
913.100000	
938.500000	
1094.700000	
1080.400000	
1041.300000	
1041.100000	
1311.100000	
1103.800000	
1301.900000	
1155.500000	
1306.900000	
1350.400000	
1411.300000	
1544.100000	
1238.700000	
1355.000000	
1611.800000	
1353.800000	
1384.500000	
1644.800000	
1426.800000	
1651.300000	
1938.900000	
0.300000	
10.100000	
21.200000	
31.300000	
42.500000	
52.400000	
64.500000	
73.900000	
85.200000	
94.500000	
106.300000	
121.500000	
136.300000	
140.500000	
147.400000	
159.000000	
180.300000	
195.100000	
196.400000	
206.600000	
226.100000	
255.100000	
260.300000	
267.200000	
292.800000	
305.500000	
321.700000	
376.700000	
369.200000	
371.300000	
371.300000	
362.300000	
501.200000	
671.000000	
915.400000	
1165.300000	
1450.600000	
1592.800000	
1309.600000	
1467.700000	
1401.600000	
1626.900000	
1497.700000	
1696.300000	
1831.300000	
1516.500000	
1608.700000	
1809.100000	
1801.600000	
1712.600000	
2007.100000	
1852.100000	
1763.500000	
1770.900000	
1803.800000	
1940.600000	
1886.500000	
2091.800000	
2176.000000	
2036.000000	
1977.900000	
2298.300000	
2124.200000	
2234.500000	
2519.700000	
0.300000	
11.800000	
24.100000	
36.300000	
48.600000	
60.800000	
73.300000	
85.400000	
97.900000	
107.100000	
121.100000	
128.100000	
146.700000	
156.500000	
157.400000	
177.900000	
197.600000	
592.800000	
1078.600000	
1037.300000	
1080.900000	
1304.600000	
1612.500000	
1293.100000	
1393.000000	
1450.600000	
1685.300000	
1630.900000	
1750.700000	
1635.100000	
1798.400000	
1866.300000	
1811.800000	
1950.100000	
2213.500000	
1967.000000	
2362.900000	
1996.500000	
2100.100000	
2174.700000	
2319.800000	
2536.700000	
2313.300000	
2376.800000	
2599.700000	
2465.400000	
2785.500000	
2629.100000	
2707.600000	
2704.700000	
2823.500000	
2819.900000	
2805.200000	
2997.000000	
3013.600000	
3057.800000	
2983.200000	
3146.100000	
3083.500000	
3240.600000	
3213.800000	
3595.800000	
3664.700000	
3650.700000	
3789.200000	
0.300000	
11.700000	
56.800000	
91.600000	
123.900000	
135.100000	
154.600000	
197.200000	
230.500000	
861.800000	
1096.100000	
1210.300000	
1295.200000	
1372.100000	
1696.900000	
1547.300000	
1825.600000	
1926.900000	
1816.600000	
1945.500000	
2456.600000	
2099.400000	
2287.000000	
2457.500000	
2367.600000	
2677.700000	
2614.800000	
2780.000000	
2800.900000	
3085.500000	
2944.400000	
3084.000000	
3124.200000	
3232.100000	
3412.600000	
3581.800000	
3877.800000	
3640.400000	
3645.500000	
4185.300000	
3985.900000	
4256.900000	
4543.400000	
4568.000000	
4486.000000	
4593.400000	
4629.800000	
4495.400000	
4702.500000	
4694.800000	
4911.800000	
4971.500000	
5173.600000	
5240.400000	
5270.000000	
5559.900000	
5946.100000	
5732.400000	
5768.500000	
6006.200000	
5842.500000	
6048.100000	
6337.700000	
6478.300000	
6514.300000	
